4 17.83915 15.130475 13.3666 15.400625 15.5174 14.624025 15.31304583
5 18.058725 14.700375 15.486325 15.659575 14.875825 15.09565 15.64607917
6 16.832325 14.62345 16.944625 15.479425 15.985825 16.200925 16.01109583
8 16.307425 17.2206 16.441525 17.04185 16.830725 17.655675 16.9163
10 16.392875 17.7504 17.695525 17.94265 18.596975 19.195325 17.92895833
12 18.03055 17.78725 18.32495 19.490075 19.93765 19.97895 18.92490417
15 20.035675 19.1849 20.64815 21.063675 22.552975 22.1535 20.9398125
20 20.29455 21.371675 23.654675 23.05535 27.416675 26.607675 23.73343333
24 21.3176 23.609475 26.106525 28.191025 30.46665 29.477725 26.52816667
25 21.59935 24.816125 27.02695 28.933775 30.566 29.41985 27.06034167
30 23.5433 27.1008 30.622825 29.377425 28.27755 27.0791 27.66683333
40 29.553225 31.713725 28.030175 25.341875 24.12165 23.3385 27.016525
50 31.3036 27.681225 24.1964 22.473725 21.339425 21.434975 24.738225
60 30.264175 25.481325 22.493875 21.03825 20.7576 19.715775 23.29183333
75 26.555775 22.482275 20.990275 19.974125 18.785375 19.7575 21.42422083
100 22.878925 20.4353 18.698075 17.63625 16.984675 15.74765 18.73014583
120 22.058525 19.605925 18.18065 17.081975 17.7347 16.77755 18.57322083
125 20.1475 18.2953 17.2901 16.26965 15.702375 16.9358 17.44012083
150 20.36935 18.640175 17.320675 16.10425 16.486625 17.558975 17.746675
200 18.677675 16.99285 15.60055 14.108075 13.09875 12.534175 15.16867917
